 t		y		y'
0	   0	   0
0.001	   -0.013971	   0.00099301
0.002	   -0.0239829	   0.000988993
0.003	   -0.0340148	   0.000984963
0.004	   -0.0440666	   0.000980919
0.005	   -0.0541385	   0.00097686
0.006	   -0.0642305	   0.000972788
0.007	   -0.0743426	   0.000968701
0.008	   -0.0844749	   0.0009646
0.009	   -0.0946274	   0.000960485
0.01	   -0.1048	   0.000956356
0.011	   -0.114993	   0.000952213
0.012	   -0.125207	   0.000948055
0.013	   -0.13544	   0.000943883
0.014	   -0.145694	   0.000939696
0.015	   -0.155969	   0.000935495
0.016	   -0.166264	   0.000931279
0.017	   -0.17658	   0.000927049
0.018	   -0.186916	   0.000922805
0.019	   -0.197273	   0.000918546
0.02	   -0.20765	   0.000914272
0.021	   -0.218048	   0.000909984
0.022	   -0.228467	   0.000905681
0.023	   -0.238907	   0.000901364
0.024	   -0.249367	   0.000897031
0.025	   -0.259848	   0.000892684
0.026	   -0.270351	   0.000888322
0.027	   -0.280874	   0.000883945
0.028	   -0.291418	   0.000879554
0.029	   -0.301983	   0.000875147
0.03	   -0.312569	   0.000870726
0.031	   -0.323177	   0.000866289
0.032	   -0.333805	   0.000861838
0.033	   -0.344455	   0.000857371
0.034	   -0.355126	   0.000852889
0.035	   -0.365818	   0.000848393
0.036	   -0.376531	   0.000843881
0.037	   -0.387266	   0.000839354
0.038	   -0.398023	   0.000834811
0.039	   -0.4088	   0.000830254
0.04	   -0.419599	   0.000825681
0.041	   -0.43042	   0.000821092
0.042	   -0.441262	   0.000816489
0.043	   -0.452126	   0.00081187
0.044	   -0.463012	   0.000807235
0.045	   -0.473919	   0.000802585
0.046	   -0.484848	   0.00079792
0.047	   -0.495799	   0.000793238
0.048	   -0.506772	   0.000788542
0.049	   -0.517766	   0.000783829
0.05	   -0.528782	   0.000779101
0.051	   -0.539821	   0.000774358
0.052	   -0.550881	   0.000769598
0.053	   -0.561963	   0.000764823
0.054	   -0.573068	   0.000760032
0.055	   -0.584194	   0.000755225
0.056	   -0.595343	   0.000750402
0.057	   -0.606514	   0.000745563
0.058	   -0.617707	   0.000740708
0.059	   -0.628923	   0.000735837
0.06	   -0.640161	   0.000730951
0.061	   -0.651421	   0.000726048
0.062	   -0.662704	   0.000721129
0.063	   -0.674009	   0.000716193
0.064	   -0.685337	   0.000711242
0.065	   -0.696687	   0.000706274
0.066	   -0.70806	   0.00070129
0.067	   -0.719455	   0.00069629
0.068	   -0.730874	   0.000691273
0.069	   -0.742315	   0.00068624
0.07	   -0.753778	   0.000681191
0.071	   -0.765265	   0.000676125
0.072	   -0.776774	   0.000671043
0.073	   -0.788307	   0.000665944
0.074	   -0.799862	   0.000660828
0.075	   -0.811441	   0.000655696
0.076	   -0.823042	   0.000650547
0.077	   -0.834667	   0.000645381
0.078	   -0.846314	   0.000640199
0.079	   -0.857985	   0.000635
0.08	   -0.869679	   0.000629784
0.081	   -0.881397	   0.000624551
0.082	   -0.893137	   0.000619301
0.083	   -0.904901	   0.000614035
0.084	   -0.916689	   0.000608751
0.085	   -0.9285	   0.00060345
0.086	   -0.940334	   0.000598133
0.087	   -0.952192	   0.000592798
0.088	   -0.964074	   0.000587446
0.089	   -0.975979	   0.000582077
0.09	   -0.987908	   0.00057669
0.091	   -0.999861	   0.000571287
0.092	   -1.01184	   0.000565866
0.093	   -1.02384	   0.000560427
0.094	   -1.03586	   0.000554972
0.095	   -1.04791	   0.000549498
0.096	   -1.05998	   0.000544008
0.097	   -1.07208	   0.0005385
0.098	   -1.0842	   0.000532974
0.099	   -1.09634	   0.000527431
0.1	   -1.10851	   0.00052187
0.101	   -1.1207	   0.000516291
0.102	   -1.13292	   0.000510695
0.103	   -1.14516	   0.000505081
0.104	   -1.15743	   0.000499449
0.105	   -1.16972	   0.0004938
0.106	   -1.18203	   0.000488132
0.107	   -1.19437	   0.000482447
0.108	   -1.20673	   0.000476743
0.109	   -1.21912	   0.000471022
0.11	   -1.23154	   0.000465283
0.111	   -1.24397	   0.000459525
0.112	   -1.25643	   0.000453749
0.113	   -1.26892	   0.000447955
0.114	   -1.28143	   0.000442143
0.115	   -1.29397	   0.000436313
0.116	   -1.30653	   0.000430464
0.117	   -1.31912	   0.000424598
0.118	   -1.33173	   0.000418712
0.119	   -1.34437	   0.000412808
0.12	   -1.35703	   0.000406886
0.121	   -1.36971	   0.000400945
0.122	   -1.38243	   0.000394986
0.123	   -1.39516	   0.000389008
0.124	   -1.40793	   0.000383012
0.125	   -1.42071	   0.000376996
0.126	   -1.43353	   0.000370963
0.127	   -1.44637	   0.00036491
0.128	   -1.45923	   0.000358838
0.129	   -1.47212	   0.000352748
0.13	   -1.48504	   0.000346639
0.131	   -1.49798	   0.00034051
0.132	   -1.51094	   0.000334363
0.133	   -1.52394	   0.000328197
0.134	   -1.53695	   0.000322011
0.135	   -1.55	   0.000315807
0.136	   -1.56307	   0.000309583
0.137	   -1.57617	   0.000303341
0.138	   -1.58929	   0.000297078
0.139	   -1.60244	   0.000290797
0.14	   -1.61561	   0.000284496
0.141	   -1.62881	   0.000278176
0.142	   -1.64204	   0.000271837
0.143	   -1.65529	   0.000265478
0.144	   -1.66857	   0.000259099
0.145	   -1.68187	   0.000252701
0.146	   -1.69521	   0.000246283
0.147	   -1.70856	   0.000239846
0.148	   -1.72195	   0.000233389
0.149	   -1.73536	   0.000226912
0.15	   -1.7488	   0.000220415
0.151	   -1.76226	   0.000213899
0.152	   -1.77575	   0.000207363
0.153	   -1.78927	   0.000200806
0.154	   -1.80282	   0.00019423
0.155	   -1.81639	   0.000187634
0.156	   -1.82999	   0.000181018
0.157	   -1.84361	   0.000174381
0.158	   -1.85727	   0.000167725
0.159	   -1.87095	   0.000161048
0.16	   -1.88465	   0.000154351
0.161	   -1.89839	   0.000147634
0.162	   -1.91215	   0.000140896
0.163	   -1.92594	   0.000134138
0.164	   -1.93975	   0.000127359
0.165	   -1.9536	   0.00012056
0.166	   -1.96747	   0.000113741
0.167	   -1.98137	   0.000106901
0.168	   -1.99529	   0.00010004
0.169	   -2.00925	   9.31587e-05
0.17	   -2.02323	   8.62566e-05
0.171	   -2.03724	   7.93338e-05
0.172	   -2.05127	   7.23901e-05
0.173	   -2.06534	   6.54256e-05
0.174	   -2.07943	   5.84401e-05
0.175	   -2.09355	   5.14338e-05
0.176	   -2.1077	   4.44064e-05
0.177	   -2.12187	   3.73579e-05
0.178	   -2.13608	   3.02884e-05
0.179	   -2.15031	   2.31977e-05
0.18	   -2.16457	   1.60858e-05
0.181	   -2.17886	   8.95271e-06
0.182	   -2.19318	   1.7983e-06
0.183	   -2.20752	   -5.37744e-06
0.184	   -2.2219	   -1.25746e-05
0.185	   -2.2363	   -1.97932e-05
0.186	   -2.25073	   -2.70332e-05
0.187	   -2.26519	   -3.42948e-05
0.188	   -2.27968	   -4.1578e-05
0.189	   -2.29419	   -4.88828e-05
0.19	   -2.30874	   -5.62093e-05
0.191	   -2.32331	   -6.35575e-05
0.192	   -2.33792	   -7.09275e-05
0.193	   -2.35255	   -7.83193e-05
0.194	   -2.36721	   -8.5733e-05
0.195	   -2.3819	   -9.31686e-05
0.196	   -2.39662	   -0.000100626
0.197	   -2.41137	   -0.000108106
0.198	   -2.42614	   -0.000115608
0.199	   -2.44095	   -0.000123131
0.2	   -2.45579	   -0.000130677
0.201	   -2.47065	   -0.000138246
0.202	   -2.48555	   -0.000145836
0.203	   -2.50047	   -0.000153449
0.204	   -2.51542	   -0.000161084
0.205	   -2.53041	   -0.000168742
0.206	   -2.54542	   -0.000176422
0.207	   -2.56046	   -0.000184125
0.208	   -2.57554	   -0.00019185
0.209	   -2.59064	   -0.000199598
0.21	   -2.60577	   -0.000207368
0.211	   -2.62093	   -0.000215162
0.212	   -2.63612	   -0.000222978
0.213	   -2.65134	   -0.000230817
0.214	   -2.6666	   -0.000238679
0.215	   -2.68188	   -0.000246563
0.216	   -2.69719	   -0.000254471
0.217	   -2.71253	   -0.000262402
0.218	   -2.7279	   -0.000270356
0.219	   -2.74331	   -0.000278333
0.22	   -2.75874	   -0.000286333
0.221	   -2.77421	   -0.000294357
0.222	   -2.7897	   -0.000302403
0.223	   -2.80522	   -0.000310473
0.224	   -2.82078	   -0.000318567
0.225	   -2.83637	   -0.000326684
0.226	   -2.85198	   -0.000334825
0.227	   -2.86763	   -0.000342989
0.228	   -2.88331	   -0.000351176
0.229	   -2.89902	   -0.000359388
0.23	   -2.91476	   -0.000367623
0.231	   -2.93053	   -0.000375882
0.232	   -2.94634	   -0.000384165
0.233	   -2.96217	   -0.000392471
0.234	   -2.97804	   -0.000400802
0.235	   -2.99393	   -0.000409156
0.236	   -3.00986	   -0.000417535
0.237	   -3.02582	   -0.000425938
0.238	   -3.04181	   -0.000434365
0.239	   -3.05784	   -0.000442816
0.24	   -3.07389	   -0.000451291
0.241	   -3.08998	   -0.000459791
0.242	   -3.10609	   -0.000468315
0.243	   -3.12224	   -0.000476863
0.244	   -3.13842	   -0.000485436
0.245	   -3.15464	   -0.000494034
0.246	   -3.17088	   -0.000502656
0.247	   -3.18716	   -0.000511302
0.248	   -3.20347	   -0.000519974
0.249	   -3.21981	   -0.00052867
0.25	   -3.23618	   -0.000537391
0.251	   -3.25259	   -0.000546137
0.252	   -3.26903	   -0.000554908
0.253	   -3.2855	   -0.000563703
0.254	   -3.302	   -0.000572524
0.255	   -3.31854	   -0.00058137
0.256	   -3.33511	   -0.000590241
0.257	   -3.35171	   -0.000599137
0.258	   -3.36834	   -0.000608059
0.259	   -3.38501	   -0.000617006
0.26	   -3.40171	   -0.000625978
0.261	   -3.41844	   -0.000634976
0.262	   -3.4352	   -0.000643999
0.263	   -3.452	   -0.000653047
0.264	   -3.46883	   -0.000662122
0.265	   -3.4857	   -0.000671221
0.266	   -3.50259	   -0.000680347
0.267	   -3.51953	   -0.000689498
0.268	   -3.53649	   -0.000698676
0.269	   -3.55349	   -0.000707879
0.27	   -3.57052	   -0.000717108
0.271	   -3.58758	   -0.000726363
0.272	   -3.60468	   -0.000735644
0.273	   -3.62181	   -0.000744951
0.274	   -3.63898	   -0.000754285
0.275	   -3.65618	   -0.000763644
0.276	   -3.67341	   -0.00077303
0.277	   -3.69068	   -0.000782442
0.278	   -3.70798	   -0.000791881
0.279	   -3.72531	   -0.000801346
0.28	   -3.74268	   -0.000810838
0.281	   -3.76008	   -0.000820356
0.282	   -3.77752	   -0.000829901
0.283	   -3.79499	   -0.000839473
0.284	   -3.8125	   -0.000849071
0.285	   -3.83004	   -0.000858696
0.286	   -3.84761	   -0.000868348
0.287	   -3.86522	   -0.000878027
0.288	   -3.88287	   -0.000887733
0.289	   -3.90055	   -0.000897466
0.29	   -3.91826	   -0.000907227
0.291	   -3.93601	   -0.000917014
0.292	   -3.95379	   -0.000926829
0.293	   -3.97161	   -0.00093667
0.294	   -3.98946	   -0.00094654
0.295	   -4.00735	   -0.000956436
0.296	   -4.02528	   -0.000966361
0.297	   -4.04323	   -0.000976312
0.298	   -4.06123	   -0.000986291
0.299	   -4.07926	   -0.000996298
0.3	   -4.09732	   -0.00100633
0.301	   -4.11542	   -0.0010164
0.302	   -4.13356	   -0.00102649
0.303	   -4.15173	   -0.0010366
0.304	   -4.16994	   -0.00104675
0.305	   -4.18818	   -0.00105692
0.306	   -4.20646	   -0.00106713
0.307	   -4.22477	   -0.00107736
0.308	   -4.24312	   -0.00108762
0.309	   -4.26151	   -0.0010979
0.31	   -4.27993	   -0.00110822
0.311	   -4.29839	   -0.00111856
0.312	   -4.31688	   -0.00112893
0.313	   -4.33542	   -0.00113934
0.314	   -4.35398	   -0.00114976
0.315	   -4.37259	   -0.00116022
0.316	   -4.39123	   -0.00117071
0.317	   -4.4099	   -0.00118122
0.318	   -4.42862	   -0.00119177
0.319	   -4.44737	   -0.00120234
0.32	   -4.46616	   -0.00121294
0.321	   -4.48498	   -0.00122358
0.322	   -4.50384	   -0.00123424
0.323	   -4.52274	   -0.00124493
0.324	   -4.54167	   -0.00125564
0.325	   -4.56064	   -0.00126639
0.326	   -4.57965	   -0.00127717
0.327	   -4.5987	   -0.00128798
0.328	   -4.61778	   -0.00129881
0.329	   -4.63691	   -0.00130968
0.33	   -4.65606	   -0.00132057
0.331	   -4.67526	   -0.0013315
0.332	   -4.69449	   -0.00134245
0.333	   -4.71377	   -0.00135344
0.334	   -4.73308	   -0.00136445
0.335	   -4.75242	   -0.0013755
0.336	   -4.77181	   -0.00138657
0.337	   -4.79123	   -0.00139768
0.338	   -4.81069	   -0.00140881
0.339	   -4.83019	   -0.00141998
0.34	   -4.84973	   -0.00143117
0.341	   -4.8693	   -0.0014424
0.342	   -4.88892	   -0.00145365
0.343	   -4.90857	   -0.00146494
0.344	   -4.92826	   -0.00147626
0.345	   -4.94799	   -0.0014876
0.346	   -4.96776	   -0.00149898
0.347	   -4.98756	   -0.00151039
0.348	   -5.00741	   -0.00152183
0.349	   -5.02729	   -0.0015333
0.35	   -5.04722	   -0.0015448
0.351	   -5.06718	   -0.00155634
0.352	   -5.08718	   -0.0015679
0.353	   -5.10722	   -0.00157949
0.354	   -5.1273	   -0.00159112
0.355	   -5.14742	   -0.00160278
0.356	   -5.16758	   -0.00161447
0.357	   -5.18778	   -0.00162619
0.358	   -5.20801	   -0.00163794
0.359	   -5.22829	   -0.00164972
0.36	   -5.24861	   -0.00166154
0.361	   -5.26896	   -0.00167338
0.362	   -5.28936	   -0.00168526
0.363	   -5.30979	   -0.00169717
0.364	   -5.33027	   -0.00170911
0.365	   -5.35079	   -0.00172109
0.366	   -5.37134	   -0.00173309
0.367	   -5.39194	   -0.00174513
0.368	   -5.41257	   -0.0017572
0.369	   -5.43325	   -0.0017693
0.37	   -5.45397	   -0.00178144
0.371	   -5.47473	   -0.00179361
0.372	   -5.49552	   -0.00180581
0.373	   -5.51636	   -0.00181804
0.374	   -5.53724	   -0.0018303
0.375	   -5.55816	   -0.0018426
0.376	   -5.57912	   -0.00185493
0.377	   -5.60013	   -0.00186729
0.378	   -5.62117	   -0.00187969
0.379	   -5.64225	   -0.00189212
0.38	   -5.66338	   -0.00190458
0.381	   -5.68454	   -0.00191707
0.382	   -5.70575	   -0.0019296
0.383	   -5.727	   -0.00194216
0.384	   -5.74829	   -0.00195476
0.385	   -5.76962	   -0.00196739
0.386	   -5.791	   -0.00198005
0.387	   -5.81241	   -0.00199274
0.388	   -5.83387	   -0.00200547
0.389	   -5.85537	   -0.00201824
0.39	   -5.87691	   -0.00203103
0.391	   -5.8985	   -0.00204386
0.392	   -5.92012	   -0.00205673
0.393	   -5.94179	   -0.00206962
0.394	   -5.9635	   -0.00208256
0.395	   -5.98525	   -0.00209552
0.396	   -6.00705	   -0.00210852
0.397	   -6.02888	   -0.00212156
0.398	   -6.05076	   -0.00213462
0.399	   -6.07269	   -0.00214773
0.4	   -6.09465	   -0.00216087
0.401	   -6.11666	   -0.00217404
0.402	   -6.13871	   -0.00218725
0.403	   -6.16081	   -0.00220049
0.404	   -6.18294	   -0.00221376
0.405	   -6.20512	   -0.00222707
0.406	   -6.22735	   -0.00224042
0.407	   -6.24961	   -0.0022538
0.408	   -6.27192	   -0.00226722
0.409	   -6.29428	   -0.00228067
0.41	   -6.31667	   -0.00229416
0.411	   -6.33911	   -0.00230768
0.412	   -6.3616	   -0.00232124
0.413	   -6.38413	   -0.00233483
0.414	   -6.4067	   -0.00234846
0.415	   -6.42932	   -0.00236212
0.416	   -6.45198	   -0.00237582
0.417	   -6.47468	   -0.00238956
0.418	   -6.49743	   -0.00240333
0.419	   -6.52022	   -0.00241714
0.42	   -6.54306	   -0.00243098
0.421	   -6.56594	   -0.00244486
0.422	   -6.58887	   -0.00245878
0.423	   -6.61184	   -0.00247273
0.424	   -6.63486	   -0.00248672
0.425	   -6.65792	   -0.00250074
0.426	   -6.68102	   -0.0025148
0.427	   -6.70417	   -0.0025289
0.428	   -6.72737	   -0.00254304
0.429	   -6.75061	   -0.00255721
0.43	   -6.77389	   -0.00257142
0.431	   -6.79723	   -0.00258566
0.432	   -6.8206	   -0.00259994
0.433	   -6.84403	   -0.00261426
0.434	   -6.86749	   -0.00262862
0.435	   -6.89101	   -0.00264301
0.436	   -6.91457	   -0.00265744
0.437	   -6.93817	   -0.00267191
0.438	   -6.96182	   -0.00268641
0.439	   -6.98552	   -0.00270096
0.44	   -7.00926	   -0.00271554
0.441	   -7.03305	   -0.00273016
0.442	   -7.05689	   -0.00274481
0.443	   -7.08077	   -0.0027595
0.444	   -7.1047	   -0.00277424
0.445	   -7.12867	   -0.00278901
0.446	   -7.15269	   -0.00280381
0.447	   -7.17676	   -0.00281866
0.448	   -7.20087	   -0.00283354
0.449	   -7.22504	   -0.00284847
0.45	   -7.24924	   -0.00286343
0.451	   -7.2735	   -0.00287843
0.452	   -7.2978	   -0.00289346
0.453	   -7.32215	   -0.00290854
0.454	   -7.34655	   -0.00292366
0.455	   -7.37099	   -0.00293881
0.456	   -7.39549	   -0.002954
0.457	   -7.42003	   -0.00296924
0.458	   -7.44461	   -0.00298451
0.459	   -7.46925	   -0.00299982
0.46	   -7.49393	   -0.00301517
0.461	   -7.51866	   -0.00303056
0.462	   -7.54344	   -0.00304599
0.463	   -7.56827	   -0.00306145
0.464	   -7.59314	   -0.00307696
0.465	   -7.61807	   -0.00309251
0.466	   -7.64304	   -0.0031081
0.467	   -7.66806	   -0.00312372
0.468	   -7.69313	   -0.00313939
0.469	   -7.71825	   -0.0031551
0.47	   -7.74341	   -0.00317084
0.471	   -7.76863	   -0.00318663
0.472	   -7.79389	   -0.00320246
0.473	   -7.81921	   -0.00321832
0.474	   -7.84457	   -0.00323423
0.475	   -7.86998	   -0.00325018
0.476	   -7.89544	   -0.00326617
0.477	   -7.92095	   -0.0032822
0.478	   -7.94651	   -0.00329827
0.479	   -7.97212	   -0.00331438
0.48	   -7.99778	   -0.00333054
0.481	   -8.02349	   -0.00334673
0.482	   -8.04925	   -0.00336296
0.483	   -8.07506	   -0.00337924
0.484	   -8.10092	   -0.00339556
0.485	   -8.12683	   -0.00341192
0.486	   -8.15279	   -0.00342832
0.487	   -8.17879	   -0.00344476
0.488	   -8.20485	   -0.00346124
0.489	   -8.23097	   -0.00347777
0.49	   -8.25713	   -0.00349433
0.491	   -8.28334	   -0.00351094
0.492	   -8.3096	   -0.00352759
0.493	   -8.33591	   -0.00354429
0.494	   -8.36228	   -0.00356102
0.495	   -8.38869	   -0.0035778
0.496	   -8.41516	   -0.00359462
0.497	   -8.44168	   -0.00361148
0.498	   -8.46825	   -0.00362839
0.499	   -8.49487	   -0.00364534
0.5	   -8.52154	   -0.00366233
0.501	   -8.54827	   -0.00367936
0.502	   -8.57504	   -0.00369644
0.503	   -8.60187	   -0.00371356
0.504	   -8.62875	   -0.00373072
0.505	   -8.65568	   -0.00374792
0.506	   -8.68267	   -0.00376517
0.507	   -8.7097	   -0.00378247
0.508	   -8.73679	   -0.0037998
0.509	   -8.76393	   -0.00381718
0.51	   -8.79113	   -0.00383461
0.511	   -8.81837	   -0.00385207
0.512	   -8.84567	   -0.00386958
0.513	   -8.87302	   -0.00388714
0.514	   -8.90043	   -0.00390474
0.515	   -8.92789	   -0.00392238
0.516	   -8.9554	   -0.00394007
0.517	   -8.98296	   -0.0039578
0.518	   -9.01058	   -0.00397557
0.519	   -9.03825	   -0.00399339
0.52	   -9.06597	   -0.00401126
0.521	   -9.09375	   -0.00402917
0.522	   -9.12158	   -0.00404712
0.523	   -9.14947	   -0.00406512
0.524	   -9.17741	   -0.00408317
0.525	   -9.2054	   -0.00410126
0.526	   -9.23345	   -0.00411939
0.527	   -9.26155	   -0.00413757
0.528	   -9.28971	   -0.0041558
0.529	   -9.31792	   -0.00417407
0.53	   -9.34619	   -0.00419239
0.531	   -9.37451	   -0.00421075
0.532	   -9.40288	   -0.00422916
0.533	   -9.43131	   -0.00424761
0.534	   -9.4598	   -0.00426611
0.535	   -9.48834	   -0.00428465
0.536	   -9.51693	   -0.00430325
0.537	   -9.54558	   -0.00432188
0.538	   -9.57429	   -0.00434057
0.539	   -9.60305	   -0.0043593
0.54	   -9.63187	   -0.00437808
0.541	   -9.66074	   -0.0043969
0.542	   -9.68967	   -0.00441577
0.543	   -9.71865	   -0.00443469
0.544	   -9.74769	   -0.00445366
0.545	   -9.77679	   -0.00447267
0.546	   -9.80594	   -0.00449173
0.547	   -9.83515	   -0.00451083
0.548	   -9.86442	   -0.00452999
0.549	   -9.89374	   -0.00454919
0.55	   -9.92312	   -0.00456844
0.551	   -9.95255	   -0.00458773
0.552	   -9.98205	   -0.00460707
0.553	   -10.0116	   -0.00462647
0.554	   -10.0412	   -0.00464591
0.555	   -10.0709	   -0.00466539
0.556	   -10.1006	   -0.00468493
0.557	   -10.1304	   -0.00470451
0.558	   -10.1602	   -0.00472415
0.559	   -10.1901	   -0.00474383
0.56	   -10.22	   -0.00476356
0.561	   -10.2501	   -0.00478333
0.562	   -10.2801	   -0.00480316
0.563	   -10.3102	   -0.00482304
0.564	   -10.3404	   -0.00484296
0.565	   -10.3707	   -0.00486294
0.566	   -10.401	   -0.00488296
0.567	   -10.4313	   -0.00490303
0.568	   -10.4617	   -0.00492315
0.569	   -10.4922	   -0.00494332
0.57	   -10.5228	   -0.00496354
0.571	   -10.5533	   -0.00498382
0.572	   -10.584	   -0.00500414
0.573	   -10.6147	   -0.00502451
0.574	   -10.6455	   -0.00504493
0.575	   -10.6763	   -0.0050654
0.576	   -10.7072	   -0.00508592
0.577	   -10.7381	   -0.00510649
0.578	   -10.7692	   -0.00512711
0.579	   -10.8002	   -0.00514778
0.58	   -10.8314	   -0.0051685
0.581	   -10.8625	   -0.00518928
0.582	   -10.8938	   -0.0052101
0.583	   -10.9251	   -0.00523098
0.584	   -10.9565	   -0.0052519
0.585	   -10.9879	   -0.00527288
0.586	   -11.0194	   -0.00529391
0.587	   -11.0509	   -0.00531499
0.588	   -11.0826	   -0.00533612
0.589	   -11.1142	   -0.0053573
0.59	   -11.146	   -0.00537854
0.591	   -11.1778	   -0.00539982
0.592	   -11.2096	   -0.00542116
0.593	   -11.2415	   -0.00544255
0.594	   -11.2735	   -0.005464
0.595	   -11.3055	   -0.00548549
0.596	   -11.3376	   -0.00550704
0.597	   -11.3698	   -0.00552864
0.598	   -11.402	   -0.00555029
0.599	   -11.4343	   -0.005572
0.6	   -11.4667	   -0.00559376
0.601	   -11.4991	   -0.00561557
0.602	   -11.5316	   -0.00563743
0.603	   -11.5641	   -0.00565935
0.604	   -11.5967	   -0.00568132
0.605	   -11.6294	   -0.00570334
0.606	   -11.6621	   -0.00572542
0.607	   -11.6949	   -0.00574755
0.608	   -11.7277	   -0.00576974
0.609	   -11.7607	   -0.00579198
0.61	   -11.7936	   -0.00581427
0.611	   -11.8267	   -0.00583662
0.612	   -11.8598	   -0.00585902
0.613	   -11.893	   -0.00588147
0.614	   -11.9262	   -0.00590398
0.615	   -11.9595	   -0.00592655
0.616	   -11.9928	   -0.00594917
0.617	   -12.0263	   -0.00597184
0.618	   -12.0598	   -0.00599457
0.619	   -12.0933	   -0.00601735
0.62	   -12.1269	   -0.00604019
0.621	   -12.1606	   -0.00606308
0.622	   -12.1944	   -0.00608603
0.623	   -12.2282	   -0.00610904
0.624	   -12.2621	   -0.0061321
0.625	   -12.296	   -0.00615521
0.626	   -12.33	   -0.00617839
0.627	   -12.3641	   -0.00620161
0.628	   -12.3982	   -0.0062249
0.629	   -12.4324	   -0.00624824
0.63	   -12.4667	   -0.00627163
0.631	   -12.5011	   -0.00629509
0.632	   -12.5355	   -0.0063186
0.633	   -12.5699	   -0.00634216
0.634	   -12.6045	   -0.00636578
0.635	   -12.6391	   -0.00638946
0.636	   -12.6737	   -0.0064132
0.637	   -12.7085	   -0.00643699
0.638	   -12.7433	   -0.00646084
0.639	   -12.7782	   -0.00648475
0.64	   -12.8131	   -0.00650872
0.641	   -12.8481	   -0.00653274
0.642	   -12.8832	   -0.00655682
0.643	   -12.9183	   -0.00658096
0.644	   -12.9535	   -0.00660515
0.645	   -12.9888	   -0.00662941
0.646	   -13.0241	   -0.00665372
0.647	   -13.0595	   -0.00667809
0.648	   -13.095	   -0.00670252
0.649	   -13.1306	   -0.00672701
0.65	   -13.1662	   -0.00675156
0.651	   -13.2019	   -0.00677616
0.652	   -13.2376	   -0.00680082
0.653	   -13.2734	   -0.00682555
0.654	   -13.3093	   -0.00685033
0.655	   -13.3453	   -0.00687517
0.656	   -13.3813	   -0.00690007
0.657	   -13.4174	   -0.00692503
0.658	   -13.4536	   -0.00695005
0.659	   -13.4898	   -0.00697514
0.66	   -13.5261	   -0.00700028
0.661	   -13.5625	   -0.00702548
0.662	   -13.5989	   -0.00705074
0.663	   -13.6354	   -0.00707606
0.664	   -13.672	   -0.00710144
0.665	   -13.7087	   -0.00712688
0.666	   -13.7454	   -0.00715238
0.667	   -13.7822	   -0.00717794
0.668	   -13.8191	   -0.00720357
0.669	   -13.856	   -0.00722925
0.67	   -13.893	   -0.007255
0.671	   -13.9301	   -0.00728081
0.672	   -13.9673	   -0.00730668
0.673	   -14.0045	   -0.00733261
0.674	   -14.0418	   -0.0073586
0.675	   -14.0791	   -0.00738465
0.676	   -14.1166	   -0.00741077
0.677	   -14.1541	   -0.00743695
0.678	   -14.1917	   -0.00746319
0.679	   -14.2293	   -0.00748949
0.68	   -14.267	   -0.00751586
0.681	   -14.3048	   -0.00754228
0.682	   -14.3427	   -0.00756877
0.683	   -14.3807	   -0.00759533
0.684	   -14.4187	   -0.00762194
0.685	   -14.4568	   -0.00764862
0.686	   -14.4949	   -0.00767537
0.687	   -14.5332	   -0.00770217
0.688	   -14.5715	   -0.00772904
0.689	   -14.6099	   -0.00775597
0.69	   -14.6483	   -0.00778297
0.691	   -14.6868	   -0.00781003
0.692	   -14.7254	   -0.00783716
0.693	   -14.7641	   -0.00786435
0.694	   -14.8029	   -0.0078916
0.695	   -14.8417	   -0.00791892
0.696	   -14.8806	   -0.0079463
0.697	   -14.9196	   -0.00797375
0.698	   -14.9586	   -0.00800126
0.699	   -14.9978	   -0.00802884
0.7	   -15.037	   -0.00805648
0.701	   -15.0762	   -0.00808419
0.702	   -15.1156	   -0.00811196
0.703	   -15.155	   -0.0081398
0.704	   -15.1945	   -0.0081677
0.705	   -15.2341	   -0.00819567
0.706	   -15.2737	   -0.00822371
0.707	   -15.3135	   -0.00825181
0.708	   -15.3533	   -0.00827998
0.709	   -15.3932	   -0.00830822
0.71	   -15.4331	   -0.00833652
0.711	   -15.4732	   -0.00836488
0.712	   -15.5133	   -0.00839332
0.713	   -15.5535	   -0.00842182
0.714	   -15.5937	   -0.00845039
0.715	   -15.6341	   -0.00847903
0.716	   -15.6745	   -0.00850773
0.717	   -15.715	   -0.0085365
0.718	   -15.7556	   -0.00856534
0.719	   -15.7962	   -0.00859424
0.72	   -15.8369	   -0.00862322
0.721	   -15.8778	   -0.00865226
0.722	   -15.9186	   -0.00868137
0.723	   -15.9596	   -0.00871055
0.724	   -16.0007	   -0.00873979
0.725	   -16.0418	   -0.00876911
0.726	   -16.083	   -0.00879849
0.727	   -16.1243	   -0.00882795
0.728	   -16.1656	   -0.00885747
0.729	   -16.2071	   -0.00888706
0.73	   -16.2486	   -0.00891672
0.731	   -16.2902	   -0.00894645
0.732	   -16.3319	   -0.00897625
0.733	   -16.3736	   -0.00900612
0.734	   -16.4155	   -0.00903606
0.735	   -16.4574	   -0.00906607
0.736	   -16.4994	   -0.00909615
0.737	   -16.5414	   -0.0091263
0.738	   -16.5836	   -0.00915652
0.739	   -16.6258	   -0.00918681
0.74	   -16.6682	   -0.00921717
0.741	   -16.7106	   -0.00924761
0.742	   -16.7531	   -0.00927811
0.743	   -16.7956	   -0.00930869
0.744	   -16.8383	   -0.00933933
0.745	   -16.881	   -0.00937005
0.746	   -16.9238	   -0.00940084
0.747	   -16.9667	   -0.0094317
0.748	   -17.0097	   -0.00946263
0.749	   -17.0527	   -0.00949364
0.75	   -17.0959	   -0.00952472
0.751	   -17.1391	   -0.00955587
0.752	   -17.1824	   -0.00958709
0.753	   -17.2258	   -0.00961839
0.754	   -17.2693	   -0.00964975
0.755	   -17.3128	   -0.0096812
0.756	   -17.3564	   -0.00971271
0.757	   -17.4002	   -0.0097443
0.758	   -17.444	   -0.00977596
0.759	   -17.4879	   -0.0098077
0.76	   -17.5318	   -0.0098395
0.761	   -17.5759	   -0.00987139
0.762	   -17.62	   -0.00990334
0.763	   -17.6643	   -0.00993537
0.764	   -17.7086	   -0.00996748
0.765	   -17.753	   -0.00999966
0.766	   -17.7974	   -0.0100319
0.767	   -17.842	   -0.0100642
0.768	   -17.8867	   -0.0100966
0.769	   -17.9314	   -0.0101291
0.77	   -17.9762	   -0.0101617
0.771	   -18.0211	   -0.0101943
0.772	   -18.0661	   -0.010227
0.773	   -18.1112	   -0.0102598
0.774	   -18.1564	   -0.0102927
0.775	   -18.2016	   -0.0103256
0.776	   -18.2469	   -0.0103586
0.777	   -18.2924	   -0.0103917
0.778	   -18.3379	   -0.0104249
0.779	   -18.3835	   -0.0104581
0.78	   -18.4292	   -0.0104914
0.781	   -18.4749	   -0.0105248
0.782	   -18.5208	   -0.0105583
0.783	   -18.5668	   -0.0105918
0.784	   -18.6128	   -0.0106254
0.785	   -18.6589	   -0.0106592
0.786	   -18.7051	   -0.0106929
0.787	   -18.7514	   -0.0107268
0.788	   -18.7978	   -0.0107607
0.789	   -18.8443	   -0.0107947
0.79	   -18.8909	   -0.0108288
0.791	   -18.9375	   -0.010863
0.792	   -18.9843	   -0.0108973
0.793	   -19.0311	   -0.0109316
0.794	   -19.078	   -0.010966
0.795	   -19.125	   -0.0110005
0.796	   -19.1722	   -0.0110351
0.797	   -19.2193	   -0.0110697
0.798	   -19.2666	   -0.0111044
0.799	   -19.314	   -0.0111393
0.8	   -19.3615	   -0.0111741
0.801	   -19.409	   -0.0112091
0.802	   -19.4567	   -0.0112442
0.803	   -19.5044	   -0.0112793
0.804	   -19.5522	   -0.0113145
0.805	   -19.6002	   -0.0113498
0.806	   -19.6482	   -0.0113852
0.807	   -19.6963	   -0.0114206
0.808	   -19.7445	   -0.0114562
0.809	   -19.7928	   -0.0114918
0.81	   -19.8412	   -0.0115275
0.811	   -19.8896	   -0.0115633
0.812	   -19.9382	   -0.0115991
0.813	   -19.9869	   -0.0116351
0.814	   -20.0356	   -0.0116711
0.815	   -20.0845	   -0.0117072
0.816	   -20.1334	   -0.0117434
0.817	   -20.1824	   -0.0117797
0.818	   -20.2316	   -0.011816
0.819	   -20.2808	   -0.0118525
0.82	   -20.3301	   -0.011889
0.821	   -20.3795	   -0.0119256
0.822	   -20.429	   -0.0119623
0.823	   -20.4786	   -0.0119991
0.824	   -20.5283	   -0.0120359
0.825	   -20.5781	   -0.0120729
0.826	   -20.628	   -0.0121099
0.827	   -20.6779	   -0.012147
0.828	   -20.728	   -0.0121842
0.829	   -20.7782	   -0.0122215
0.83	   -20.8285	   -0.0122589
0.831	   -20.8788	   -0.0122964
0.832	   -20.9293	   -0.0123339
0.833	   -20.9798	   -0.0123715
0.834	   -21.0305	   -0.0124092
0.835	   -21.0812	   -0.012447
0.836	   -21.1321	   -0.0124849
0.837	   -21.183	   -0.0125229
0.838	   -21.2341	   -0.012561
0.839	   -21.2852	   -0.0125991
0.84	   -21.3364	   -0.0126373
0.841	   -21.3878	   -0.0126757
0.842	   -21.4392	   -0.0127141
0.843	   -21.4907	   -0.0127526
0.844	   -21.5423	   -0.0127911
0.845	   -21.5941	   -0.0128298
0.846	   -21.6459	   -0.0128686
0.847	   -21.6978	   -0.0129074
0.848	   -21.7498	   -0.0129464
0.849	   -21.802	   -0.0129854
0.85	   -21.8542	   -0.0130245
0.851	   -21.9065	   -0.0130637
0.852	   -21.9589	   -0.013103
0.853	   -22.0114	   -0.0131424
0.854	   -22.0641	   -0.0131819
0.855	   -22.1168	   -0.0132214
0.856	   -22.1696	   -0.0132611
0.857	   -22.2225	   -0.0133008
0.858	   -22.2756	   -0.0133406
0.859	   -22.3287	   -0.0133806
0.86	   -22.3819	   -0.0134206
0.861	   -22.4352	   -0.0134607
0.862	   -22.4887	   -0.0135009
0.863	   -22.5422	   -0.0135412
0.864	   -22.5958	   -0.0135815
0.865	   -22.6496	   -0.013622
0.866	   -22.7034	   -0.0136626
0.867	   -22.7574	   -0.0137032
0.868	   -22.8114	   -0.013744
0.869	   -22.8656	   -0.0137848
0.87	   -22.9198	   -0.0138257
0.871	   -22.9742	   -0.0138667
0.872	   -23.0286	   -0.0139079
0.873	   -23.0832	   -0.0139491
0.874	   -23.1379	   -0.0139904
0.875	   -23.1926	   -0.0140318
0.876	   -23.2475	   -0.0140733
0.877	   -23.3025	   -0.0141148
0.878	   -23.3576	   -0.0141565
0.879	   -23.4128	   -0.0141983
0.88	   -23.4681	   -0.0142402
0.881	   -23.5235	   -0.0142821
0.882	   -23.579	   -0.0143242
0.883	   -23.6346	   -0.0143663
0.884	   -23.6903	   -0.0144086
0.885	   -23.7461	   -0.0144509
0.886	   -23.8021	   -0.0144933
0.887	   -23.8581	   -0.0145359
0.888	   -23.9143	   -0.0145785
0.889	   -23.9705	   -0.0146212
0.89	   -24.0269	   -0.014664
0.891	   -24.0833	   -0.014707
0.892	   -24.1399	   -0.01475
0.893	   -24.1966	   -0.0147931
0.894	   -24.2534	   -0.0148363
0.895	   -24.3103	   -0.0148796
0.896	   -24.3673	   -0.014923
0.897	   -24.4244	   -0.0149665
0.898	   -24.4817	   -0.0150101
0.899	   -24.539	   -0.0150538
0.9	   -24.5965	   -0.0150976
0.901	   -24.654	   -0.0151415
0.902	   -24.7117	   -0.0151855
0.903	   -24.7695	   -0.0152296
0.904	   -24.8273	   -0.0152738
0.905	   -24.8853	   -0.0153181
0.906	   -24.9434	   -0.0153625
0.907	   -25.0017	   -0.015407
0.908	   -25.06	   -0.0154516
0.909	   -25.1184	   -0.0154962
0.91	   -25.177	   -0.015541
0.911	   -25.2357	   -0.0155859
0.912	   -25.2944	   -0.0156309
0.913	   -25.3533	   -0.015676
0.914	   -25.4123	   -0.0157212
0.915	   -25.4714	   -0.0157665
0.916	   -25.5307	   -0.0158119
0.917	   -25.59	   -0.0158574
0.918	   -25.6495	   -0.015903
0.919	   -25.709	   -0.0159487
0.92	   -25.7687	   -0.0159945
0.921	   -25.8285	   -0.0160405
0.922	   -25.8884	   -0.0160865
0.923	   -25.9484	   -0.0161326
0.924	   -26.0086	   -0.0161788
0.925	   -26.0688	   -0.0162251
0.926	   -26.1292	   -0.0162716
0.927	   -26.1897	   -0.0163181
0.928	   -26.2503	   -0.0163647
0.929	   -26.311	   -0.0164115
0.93	   -26.3718	   -0.0164583
0.931	   -26.4327	   -0.0165053
0.932	   -26.4938	   -0.0165523
0.933	   -26.555	   -0.0165995
0.934	   -26.6163	   -0.0166468
0.935	   -26.6777	   -0.0166941
0.936	   -26.7392	   -0.0167416
0.937	   -26.8009	   -0.0167892
0.938	   -26.8626	   -0.0168369
0.939	   -26.9245	   -0.0168847
0.94	   -26.9865	   -0.0169326
0.941	   -27.0486	   -0.0169806
0.942	   -27.1109	   -0.0170287
0.943	   -27.1732	   -0.0170769
0.944	   -27.2357	   -0.0171253
0.945	   -27.2983	   -0.0171737
0.946	   -27.361	   -0.0172223
0.947	   -27.4238	   -0.0172709
0.948	   -27.4868	   -0.0173197
0.949	   -27.5498	   -0.0173686
0.95	   -27.613	   -0.0174176
0.951	   -27.6763	   -0.0174667
0.952	   -27.7398	   -0.0175159
0.953	   -27.8033	   -0.0175652
0.954	   -27.867	   -0.0176146
0.955	   -27.9308	   -0.0176641
0.956	   -27.9947	   -0.0177138
0.957	   -28.0588	   -0.0177635
0.958	   -28.1229	   -0.0178134
0.959	   -28.1872	   -0.0178634
0.96	   -28.2516	   -0.0179135
0.961	   -28.3161	   -0.0179637
0.962	   -28.3808	   -0.018014
0.963	   -28.4456	   -0.0180644
0.964	   -28.5105	   -0.0181149
0.965	   -28.5755	   -0.0181656
0.966	   -28.6407	   -0.0182164
0.967	   -28.7059	   -0.0182672
0.968	   -28.7713	   -0.0183182
0.969	   -28.8368	   -0.0183693
0.97	   -28.9025	   -0.0184205
0.971	   -28.9683	   -0.0184719
0.972	   -29.0342	   -0.0185233
0.973	   -29.1002	   -0.0185749
0.974	   -29.1663	   -0.0186265
0.975	   -29.2326	   -0.0186783
0.976	   -29.299	   -0.0187302
0.977	   -29.3655	   -0.0187822
0.978	   -29.4322	   -0.0188344
0.979	   -29.499	   -0.0188866
0.98	   -29.5659	   -0.018939
0.981	   -29.6329	   -0.0189915
0.982	   -29.7001	   -0.0190441
0.983	   -29.7674	   -0.0190968
0.984	   -29.8348	   -0.0191496
0.985	   -29.9023	   -0.0192026
0.986	   -29.97	   -0.0192556
0.987	   -30.0378	   -0.0193088
0.988	   -30.1058	   -0.0193621
0.989	   -30.1738	   -0.0194155
0.99	   -30.242	   -0.0194691
0.991	   -30.3103	   -0.0195227
0.992	   -30.3788	   -0.0195765
0.993	   -30.4474	   -0.0196304
0.994	   -30.5161	   -0.0196844
0.995	   -30.585	   -0.0197385
0.996	   -30.6539	   -0.0197928
0.997	   -30.723	   -0.0198471
0.998	   -30.7923	   -0.0199016
0.999	   -30.8617	   -0.0199563
1	   -30.9312	   -0.020011
